((inlpres3cur160 transient 160 0)
(time
0.004
0.008
0.012
0.016
0.02
0.024
0.028
0.032
0.036
0.04
0.044
0.048
0.052
0.056
0.06
0.064
0.068
0.072
0.076
0.08
0.084
0.088
0.092
0.096
0.1
0.104
0.108
0.112
0.116
0.12
0.124
0.128
0.132
0.136
0.14
0.144
0.148
0.152
0.156
0.16
0.164
0.168
0.172
0.176
0.18
0.184
0.188
0.192
0.196
0.2
0.204
0.208
0.212
0.216
0.22
0.224
0.228
0.232
0.236
0.24
0.244
0.248
0.252
0.256
0.26
0.264
0.268
0.272
0.276
0.28
0.284
0.288
0.292
0.296
0.3
0.304
0.308
0.312
0.316
0.32
0.324
0.328
0.332
0.336
0.34
0.344
0.348
0.352
0.356
0.36
0.364
0.368
0.372
0.376
0.38
0.384
0.388
0.392
0.396
0.4
0.404
0.408
0.412
0.416
0.42
0.424
0.428
0.432
0.436
0.44
0.444
0.448
0.452
0.456
0.46
0.464
0.468
0.472
0.476
0.48
0.484
0.488
0.492
0.496
0.5
0.504
0.508
0.512
0.516
0.52
0.524
0.528
0.532
0.536
0.54
0.544
0.548
0.552
0.556
0.56
0.564
0.568
0.572
0.576
0.58
0.584
0.588
0.592
0.596
0.6
0.604
0.608
0.612
0.616
0.62
0.624
0.628
0.632
0.636
0.64
)
(pressure
7.575922305
8.95009832
10.59002122
12.51990693
14.48524754
16.4482527
18.43808933
20.34478534
22.11749251
23.56719292
24.922835
26.14157085
27.25528151
28.35882848
29.49616866
30.46410933
31.41946334
32.34096491
33.23605212
34.05572554
34.62489029
35.14601492
35.64680668
36.11835022
36.60485196
36.79995368
37.24442064
37.77221454
38.1999835
38.447608
38.65275202
38.81756618
38.94727053
39.05878314
39.15292055
39.23492853
39.29974567
39.35780138
39.39906858
39.42887333
39.43533696
39.48342795
39.47100748
39.44992516
39.3499177
39.42241594
39.2959483
39.35443343
39.2682129
39.31599209
39.20339708
39.21692079
39.14167314
39.14019948
39.05151663
38.98494645
38.94013394
38.85946908
38.79513148
38.72221301
38.6600388
38.6770896
38.42854706
38.36094635
38.33481365
38.22694329
38.10800952
38.10658326
38.00381946
38.00090588
37.91360606
37.85636527
37.79018716
37.71016607
37.68901101
37.5394403
37.42773545
37.29686832
37.20002077
37.15837408
36.98716442
36.72861171
36.71678154
36.45563489
36.19107629
35.9276633
35.67284088
35.36260796
34.8118665
34.20808399
33.5589691
32.85060675
31.94898482
31.44045795
30.61845307
29.6801117
28.6410895
27.51056655
26.31003894
25.04428565
23.71534608
22.33404226
20.90573378
19.45514571
17.99788535
16.54281337
15.12863775
13.68683916
12.42786382
11.00803966
9.7851802
8.708625995
7.50738954
6.57982104
5.60482125
4.847638615
4.04965201
3.452367445
2.838783395
2.34931791
1.885529365
1.522338835
1.155251585
0.86165638
0.591870655
0.378012275
0.17535622
0.011293925
-0.193878925
-0.30320595
-0.44091052
-0.474899225
-0.605792525
-0.57820196
-0.64469423
-0.70122433
-0.67702597
-0.75456306
-0.7770596
-0.755888485
-0.824398565
-0.85445014
-0.833609905
-0.74830407
-0.86758457
-0.85787094
-0.66201156
-0.67225579
-0.61904562
-0.47609704
-0.25740612
0.061250755
0.290374325
0.49217296
0.810805495
1.23629379
1.806741745
2.328853625
2.962557565
3.702402205
)
)