((outlpres3cur160 transient 160 0)
(time
0.004
0.008
0.012
0.016
0.02
0.024
0.028
0.032
0.036
0.04
0.044
0.048
0.052
0.056
0.06
0.064
0.068
0.072
0.076
0.08
0.084
0.088
0.092
0.096
0.1
0.104
0.108
0.112
0.116
0.12
0.124
0.128
0.132
0.136
0.14
0.144
0.148
0.152
0.156
0.16
0.164
0.168
0.172
0.176
0.18
0.184
0.188
0.192
0.196
0.2
0.204
0.208
0.212
0.216
0.22
0.224
0.228
0.232
0.236
0.24
0.244
0.248
0.252
0.256
0.26
0.264
0.268
0.272
0.276
0.28
0.284
0.288
0.292
0.296
0.3
0.304
0.308
0.312
0.316
0.32
0.324
0.328
0.332
0.336
0.34
0.344
0.348
0.352
0.356
0.36
0.364
0.368
0.372
0.376
0.38
0.384
0.388
0.392
0.396
0.4
0.404
0.408
0.412
0.416
0.42
0.424
0.428
0.432
0.436
0.44
0.444
0.448
0.452
0.456
0.46
0.464
0.468
0.472
0.476
0.48
0.484
0.488
0.492
0.496
0.5
0.504
0.508
0.512
0.516
0.52
0.524
0.528
0.532
0.536
0.54
0.544
0.548
0.552
0.556
0.56
0.564
0.568
0.572
0.576
0.58
0.584
0.588
0.592
0.596
0.6
0.604
0.608
0.612
0.616
0.62
0.624
0.628
0.632
0.636
0.64
)
(pressure
-29.91680428
-28.49979694
-26.85544709
-24.99237738
-22.96841433
-20.8748502
-18.82177005
-16.88935247
-15.13504714
-13.38579634
-11.74581717
-10.33026846
-9.224123497
-8.419577884
-7.735696774
-6.97197787
-6.00242534
-5.030285001
-4.144125825
-3.339152202
-2.62540176
-1.992687109
-1.430795157
-0.939646218
-0.504366773
-0.130496991
0.179677733
0.438803493
0.652561008
0.83131947
0.975057168
1.088773586
1.172468599
1.241142101
1.294794001
1.338424226
1.367032719
1.390619433
1.399184329
1.397727371
1.381248558
1.349857914
1.313603142
1.272131238
1.22553598
1.183923697
1.137297745
1.095654607
1.058990968
1.017306692
0.970617251
0.923906768
0.867176784
0.81042165
0.743646892
0.671850541
0.605032734
0.533187608
0.461320666
0.394430505
0.327508349
0.256069997
0.184105086
0.107137443
0.029767753
-0.042607907
-0.114388476
-0.170798638
-0.222192104
-0.258603866
-0.284684715
-0.302689552
-0.324935305
-0.353115174
-0.39081338
-0.44979822
-0.519159845
-0.59901756
-0.684241133
-0.78489654
-0.891066885
-1.012707804
-0.793710412
-0.94466856
-1.123041257
-1.337327759
-1.602547954
-1.928897416
-2.336412359
-2.829913856
-3.419198316
-4.10918964
-4.906410947
-5.809783609
-6.795814123
-7.857025102
-8.98325394
-10.17450381
-11.42577512
-12.73706802
-14.10838263
-15.52971902
-16.99607728
-18.48245746
-19.97385961
-21.46028375
-22.91673019
-24.3382481
-25.7147832
-27.0463454
-28.31277886
-29.50936097
-30.63095767
-31.65757493
-32.58920769
-33.42585982
-34.17252572
-34.8342059
-35.42090441
-35.94262436
-36.39936619
-36.8061322
-37.15791829
-37.45972852
-37.72655302
-37.95340269
-38.15028438
-38.31719634
-38.46900446
-38.59608013
-38.70845233
-38.79583561
-38.86321313
-38.91026109
-38.93751971
-38.95480768
-38.96160243
-38.9627677
-38.95717545
-38.94846957
-38.92666743
-38.90483411
-38.8825971
-38.84645097
-38.80101055
-38.74091213
-38.65108453
-38.52691801
-38.37319638
-38.18362441
-38.28954619
-38.03137911
-37.74165663
-37.40725851
-37.02253933
-36.56855601
-36.03428369
-35.41494563
-34.71740811
-33.94802403
)
)

